    5.00 1.1602E-02 1.1192E-02 1.1726E-02 1.1654E-02 1.1032E-02 1.0674E-02 1.1020E-02 1.0245E-02 1.0532E-02 1.0419E-02 9.8267E-03 1.0305E-02 1.0327E-02 1.0347E-02 1.0273E-02 1.0351E-02 9.8979E-03
    5.24 1.8486E-02 2.3347E-02 1.8585E-02 1.8424E-02 2.2669E-02 2.1804E-02 1.7311E-02 2.0796E-02 1.7762E-02 1.4934E-02 1.9821E-02 1.6103E-02 1.6130E-02 1.6155E-02 1.7246E-02 1.6160E-02 1.9908E-02
    5.48 2.2666E-02 2.1114E-02 2.2810E-02 2.2625E-02 2.0696E-02 1.9978E-02 2.1291E-02 1.9134E-02 2.2228E-02 2.2128E-02 1.8316E-02 1.9829E-02 1.9864E-02 1.9896E-02 2.1582E-02 1.9902E-02 1.8427E-02
    5.74 4.3176E-02 4.0140E-02 4.3149E-02 4.2641E-02 3.8919E-02 3.7408E-02 3.9748E-02 3.5662E-02 2.9631E-02 3.0662E-02 3.3977E-02 3.6729E-02 3.6770E-02 3.6809E-02 2.8746E-02 3.6816E-02 3.4114E-02
    6.01 6.5391E-02 6.3932E-02 6.5308E-02 6.4521E-02 6.1717E-02 5.9221E-02 6.0102E-02 5.6352E-02 6.9977E-02 6.9409E-02 5.3587E-02 5.5505E-02 5.5564E-02 5.5619E-02 6.7521E-02 5.5629E-02 5.3759E-02
    6.29 1.9905E-01 1.5792E-01 1.9759E-01 1.9459E-01 1.5140E-01 1.4489E-01 1.7979E-01 1.3746E-01 9.1930E-02 1.1249E-01 1.3031E-01 1.6491E-01 1.6500E-01 1.6509E-01 8.8644E-02 1.6510E-01 1.3056E-01
    6.59 7.4591E-02 7.9863E-02 7.4621E-02 7.3797E-02 7.7399E-02 7.4389E-02 6.8945E-02 7.0923E-02 7.6619E-02 6.8533E-02 6.7583E-02 6.3838E-02 6.3916E-02 6.3988E-02 7.4102E-02 6.4001E-02 6.7843E-02
    6.90 8.4055E-02 8.0197E-02 8.4161E-02 8.3277E-02 7.7986E-02 7.5055E-02 7.7926E-02 7.1671E-02 7.4990E-02 7.4735E-02 6.8406E-02 7.2251E-02 7.2346E-02 7.2433E-02 7.2669E-02 7.2448E-02 6.8707E-02
    7.23 1.3070E-01 1.2777E-01 1.3062E-01 1.2912E-01 1.2376E-01 1.1894E-01 1.2055E-01 1.1341E-01 1.1785E-01 1.1487E-01 1.0807E-01 1.1156E-01 1.1169E-01 1.1180E-01 1.1403E-01 1.1183E-01 1.0847E-01
    7.57 2.7985E-01 3.2524E-01 2.7870E-01 2.7502E-01 3.1326E-01 3.0046E-01 2.5566E-01 2.8580E-01 2.4263E-01 2.1758E-01 2.7171E-01 2.3578E-01 2.3598E-01 2.3616E-01 2.3429E-01 2.3620E-01 2.7242E-01
    7.92 2.7276E-01 2.7612E-01 2.7213E-01 2.6879E-01 2.6673E-01 2.5618E-01 2.5051E-01 2.4404E-01 2.1449E-01 2.0821E-01 2.3236E-01 2.3157E-01 2.3180E-01 2.3201E-01 2.0746E-01 2.3205E-01 2.3309E-01
    8.30 1.4315E-01 1.3631E-01 1.4353E-01 1.4213E-01 1.3286E-01 1.2809E-01 1.3337E-01 1.2249E-01 1.3718E-01 1.3638E-01 1.1708E-01 1.2398E-01 1.2416E-01 1.2433E-01 1.3312E-01 1.2436E-01 1.1765E-01
    8.69 1.3637E-01 1.3668E-01 1.3715E-01 1.3601E-01 1.3342E-01 1.2875E-01 1.2806E-01 1.2320E-01 9.9243E-02 9.9387E-02 1.1784E-01 1.1939E-01 1.1960E-01 1.1978E-01 9.6703E-02 1.1982E-01 1.1845E-01
    9.10 6.1699E-02 6.2102E-02 6.3165E-02 6.3163E-02 6.2253E-02 6.0726E-02 6.0669E-02 5.8670E-02 6.2496E-02 6.0152E-02 5.6643E-02 5.7469E-02 5.7649E-02 5.7815E-02 6.1470E-02 5.7845E-02 5.7226E-02
    9.53 4.9198E-02 5.0254E-02 5.1013E-02 5.1307E-02 5.1226E-02 5.0295E-02 4.9944E-02 4.8876E-02 4.9605E-02 4.8353E-02 4.7451E-02 4.7802E-02 4.7995E-02 4.8174E-02 4.9160E-02 4.8206E-02 4.8074E-02
    9.98 4.7942E-02 4.8999E-02 4.9997E-02 5.0430E-02 5.0372E-02 4.9599E-02 4.9439E-02 4.8373E-02 4.9043E-02 4.7979E-02 4.7132E-02 4.7584E-02 4.7790E-02 4.7982E-02 4.8770E-02 4.8016E-02 4.7796E-02
   10.45 5.4811E-02 5.4777E-02 5.7010E-02 5.7457E-02 5.6233E-02 5.5328E-02 5.6254E-02 5.3974E-02 5.5358E-02 5.4701E-02 5.2612E-02 5.4106E-02 5.4327E-02 5.4531E-02 5.4991E-02 5.4568E-02 5.3320E-02
   10.94 9.5123E-02 9.2621E-02 9.7276E-02 9.7291E-02 9.2642E-02 9.0280E-02 9.3627E-02 8.7308E-02 1.0573E-01 1.1493E-01 8.4418E-02 8.8904E-02 8.9157E-02 8.9390E-02 1.0374E-01 8.9432E-02 8.5173E-02
   11.45 2.3620E-01 1.7593E-01 2.3674E-01 2.3453E-01 1.7283E-01 1.6732E-01 2.2076E-01 1.6082E-01 1.2812E-01 1.7329E-01 1.5460E-01 2.0612E-01 2.0638E-01 2.0663E-01 1.2532E-01 2.0668E-01 1.5547E-01
   11.99 1.3556E-01 1.4335E-01 1.3731E-01 1.3677E-01 1.4175E-01 1.3760E-01 1.3054E-01 1.3268E-01 1.2368E-01 1.1564E-01 1.2798E-01 1.2330E-01 1.2355E-01 1.2379E-01 1.2122E-01 1.2383E-01 1.2880E-01
   12.56 1.3732E-01 1.7304E-01 1.3931E-01 1.3891E-01 1.7060E-01 1.6547E-01 1.3302E-01 1.5949E-01 1.3936E-01 1.1663E-01 1.5383E-01 1.2605E-01 1.2630E-01 1.2655E-01 1.3656E-01 1.2659E-01 1.5468E-01
   13.15 9.8908E-02 9.8979E-02 1.0142E-01 1.0170E-01 1.0002E-01 9.7891E-02 9.8774E-02 9.5335E-02 1.0927E-01 1.0519E-01 9.2910E-02 9.4698E-02 9.4954E-02 9.5191E-02 1.0776E-01 9.5233E-02 9.3742E-02
   13.77 8.7838E-02 8.3746E-02 9.0687E-02 9.1258E-02 8.5709E-02 8.4286E-02 8.9461E-02 8.2548E-02 8.4791E-02 8.8547E-02 8.0912E-02 8.6445E-02 8.6706E-02 8.6948E-02 8.4255E-02 8.6991E-02 8.1748E-02
   14.42 7.6258E-02 7.5274E-02 7.9550E-02 8.0464E-02 7.8113E-02 7.7201E-02 7.9884E-02 7.6048E-02 7.6802E-02 7.7641E-02 7.4977E-02 7.7977E-02 7.8252E-02 7.8507E-02 7.6769E-02 7.8553E-02 7.5859E-02
   15.10 7.1932E-02 7.4161E-02 7.5809E-02 7.7060E-02 7.7882E-02 7.7298E-02 7.7403E-02 7.6505E-02 7.7754E-02 7.6498E-02 7.5784E-02 7.6245E-02 7.6548E-02 7.6831E-02 7.8050E-02 7.6881E-02 7.6761E-02
   15.81 8.2006E-02 8.1517E-02 8.6663E-02 8.8212E-02 8.6159E-02 8.5724E-02 8.8932E-02 8.5089E-02 8.6543E-02 8.6633E-02 8.4532E-02 8.7900E-02 8.8246E-02 8.8569E-02 8.7074E-02 8.8627E-02 8.5644E-02
   16.56 1.1083E-01 1.0643E-01 1.1649E-01 1.1830E-01 1.1194E-01 1.1125E-01 1.1876E-01 1.1036E-01 1.0598E-01 1.0502E-01 1.0962E-01 1.1716E-01 1.1756E-01 1.1793E-01 1.0663E-01 1.1800E-01 1.1090E-01
   17.34 1.0523E-01 1.1397E-01 1.1203E-01 1.1444E-01 1.2099E-01 1.2064E-01 1.1644E-01 1.2014E-01 1.1270E-01 1.1309E-01 1.1979E-01 1.1600E-01 1.1646E-01 1.1689E-01 1.1385E-01 1.1697E-01 1.2126E-01
   18.15 9.1718E-02 9.4297E-02 9.9543E-02 1.0256E-01 1.0325E-01 1.0394E-01 1.0631E-01 1.0451E-01 1.0717E-01 1.0725E-01 1.0511E-01 1.0728E-01 1.0780E-01 1.0828E-01 1.0905E-01 1.0837E-01 1.0679E-01
   19.01 8.9632E-02 9.4392E-02 9.8413E-02 1.0191E-01 1.0475E-01 1.0591E-01 1.0684E-01 1.0699E-01 1.0642E-01 1.0578E-01 1.0807E-01 1.0867E-01 1.0925E-01 1.0978E-01 1.0885E-01 1.0988E-01 1.0992E-01
   19.91 8.5516E-02 9.0864E-02 9.5055E-02 9.8963E-02 1.0240E-01 1.0403E-01 1.0497E-01 1.0562E-01 1.0757E-01 1.0713E-01 1.0716E-01 1.0762E-01 1.0823E-01 1.0881E-01 1.1045E-01 1.0892E-01 1.0915E-01
   20.84 8.5547E-02 9.1208E-02 9.5875E-02 1.0018E-01 1.0392E-01 1.0594E-01 1.0714E-01 1.0797E-01 1.1004E-01 1.0986E-01 1.0995E-01 1.1049E-01 1.1115E-01 1.1177E-01 1.1337E-01 1.1188E-01 1.1208E-01
   21.83 8.6930E-02 9.3063E-02 9.8216E-02 1.0299E-01 1.0717E-01 1.0962E-01 1.1103E-01 1.1214E-01 1.1448E-01 1.1448E-01 1.1459E-01 1.1517E-01 1.1589E-01 1.1656E-01 1.1832E-01 1.1668E-01 1.1690E-01
   22.85 8.9493E-02 9.6111E-02 1.0195E-01 1.0729E-01 1.1186E-01 1.1482E-01 1.1663E-01 1.1790E-01 1.2064E-01 1.2095E-01 1.2093E-01 1.2172E-01 1.2250E-01 1.2323E-01 1.2511E-01 1.2337E-01 1.2345E-01
   23.93 9.3533E-02 1.0090E-01 1.0747E-01 1.1352E-01 1.1877E-01 1.2232E-01 1.2447E-01 1.2613E-01 1.2918E-01 1.2977E-01 1.2992E-01 1.3076E-01 1.3163E-01 1.3245E-01 1.3443E-01 1.3259E-01 1.3272E-01
   25.06 9.9188E-02 1.0748E-01 1.1497E-01 1.2193E-01 1.2800E-01 1.3232E-01 1.3494E-01 1.3707E-01 1.4056E-01 1.4153E-01 1.4190E-01 1.4285E-01 1.4381E-01 1.4472E-01 1.4684E-01 1.4489E-01 1.4502E-01
   26.24 1.0663E-01 1.1611E-01 1.2475E-01 1.3285E-01 1.4004E-01 1.4532E-01 1.4854E-01 1.5136E-01 1.5541E-01 1.5693E-01 1.5766E-01 1.5867E-01 1.5975E-01 1.6077E-01 1.6306E-01 1.6095E-01 1.6115E-01
   27.48 1.1599E-01 1.2700E-01 1.3704E-01 1.4660E-01 1.5526E-01 1.6176E-01 1.6579E-01 1.6957E-01 1.7449E-01 1.7679E-01 1.7798E-01 1.7899E-01 1.8019E-01 1.8132E-01 1.8395E-01 1.8153E-01 1.8187E-01
   28.77 1.2718E-01 1.4001E-01 1.5185E-01 1.6322E-01 1.7365E-01 1.8172E-01 1.8690E-01 1.9191E-01 1.9802E-01 2.0130E-01 2.0325E-01 2.0428E-01 2.0560E-01 2.0684E-01 2.0980E-01 2.0706E-01 2.0751E-01
   30.13 1.3970E-01 1.5465E-01 1.6863E-01 1.8219E-01 1.9474E-01 2.0471E-01 2.1143E-01 2.1797E-01 2.2556E-01 2.3005E-01 2.3318E-01 2.3421E-01 2.3561E-01 2.3693E-01 2.4018E-01 2.3717E-01 2.3771E-01
   31.55 1.5256E-01 1.6998E-01 1.8622E-01 2.0220E-01 2.1730E-01 2.2942E-01 2.3784E-01 2.4639E-01 2.5564E-01 2.6180E-01 2.6629E-01 2.6704E-01 2.6847E-01 2.6981E-01 2.7342E-01 2.7005E-01 2.7091E-01
   33.03 1.6501E-01 1.8489E-01 2.0355E-01 2.2204E-01 2.3968E-01 2.5407E-01 2.6447E-01 2.7512E-01 2.8635E-01 2.9435E-01 3.0017E-01 3.0068E-01 3.0206E-01 3.0336E-01 3.0737E-01 3.0359E-01 3.0463E-01
   34.59 1.7658E-01 1.9881E-01 2.1983E-01 2.4073E-01 2.6076E-01 2.7735E-01 2.8979E-01 3.0248E-01 3.1584E-01 3.2559E-01 3.3264E-01 3.3290E-01 3.3415E-01 3.3533E-01 3.3983E-01 3.3554E-01 3.3670E-01
   36.22 1.8742E-01 2.1171E-01 2.3502E-01 2.5807E-01 2.8004E-01 2.9857E-01 3.1311E-01 3.2744E-01 3.4289E-01 3.5428E-01 3.6216E-01 3.6241E-01 3.6348E-01 3.6449E-01 3.6928E-01 3.6468E-01 3.6564E-01
   37.93 1.9791E-01 2.2412E-01 2.4933E-01 2.7421E-01 2.9792E-01 3.1812E-01 3.3428E-01 3.5021E-01 3.6726E-01 3.8017E-01 3.8866E-01 3.8864E-01 3.8949E-01 3.9031E-01 3.9541E-01 3.9046E-01 3.9145E-01
   39.72 2.0883E-01 2.3676E-01 2.6358E-01 2.8995E-01 3.1502E-01 3.3656E-01 3.5401E-01 3.7123E-01 3.8959E-01 4.0362E-01 4.1249E-01 4.1219E-01 4.1282E-01 4.1342E-01 4.1883E-01 4.1353E-01 4.1454E-01
   41.59 2.2101E-01 2.5035E-01 2.7862E-01 3.0617E-01 3.3212E-01 3.5470E-01 3.7327E-01 3.9131E-01 4.1077E-01 4.2554E-01 4.3446E-01 4.3408E-01 4.3448E-01 4.3488E-01 4.4049E-01 4.3495E-01 4.3579E-01
   43.55 2.3493E-01 2.6565E-01 2.9493E-01 3.2336E-01 3.5012E-01 3.7345E-01 3.9257E-01 4.1141E-01 4.3142E-01 4.4672E-01 4.5560E-01 4.5490E-01 4.5509E-01 4.5529E-01 4.6111E-01 4.5533E-01 4.5625E-01
   45.60 2.5101E-01 2.8286E-01 3.1297E-01 3.4199E-01 3.6912E-01 3.9293E-01 4.1241E-01 4.3168E-01 4.5215E-01 4.6751E-01 4.7615E-01 4.7522E-01 4.7523E-01 4.7523E-01 4.8134E-01 4.7524E-01 4.7618E-01
   47.75 2.6952E-01 3.0232E-01 3.3292E-01 3.6223E-01 3.8952E-01 4.1351E-01 4.3297E-01 4.5248E-01 4.7298E-01 4.8818E-01 4.9651E-01 4.9530E-01 4.9512E-01 4.9496E-01 5.0125E-01 4.9494E-01 4.9596E-01
   50.00 2.9038E-01 3.2382E-01 3.5457E-01 3.8380E-01 4.1095E-01 4.3480E-01 4.5390E-01 4.7342E-01 4.9381E-01 5.0855E-01 5.1627E-01 5.1478E-01 5.1444E-01 5.1412E-01 5.2074E-01 5.1407E-01 5.1519E-01
   52.36 3.1357E-01 3.4731E-01 3.7780E-01 4.0656E-01 4.3311E-01 4.5648E-01 4.7496E-01 4.9412E-01 5.1403E-01 5.2803E-01 5.3510E-01 5.3336E-01 5.3287E-01 5.3242E-01 5.3919E-01 5.3234E-01 5.3354E-01
   54.82 3.3866E-01 3.7225E-01 4.0200E-01 4.2985E-01 4.5542E-01 4.7796E-01 4.9543E-01 5.1400E-01 5.3315E-01 5.4609E-01 5.5238E-01 5.5032E-01 5.4970E-01 5.4912E-01 5.5609E-01 5.4902E-01 5.5040E-01
   57.41 3.6525E-01 3.9823E-01 4.2668E-01 4.5315E-01 4.7733E-01 4.9865E-01 5.1478E-01 5.3241E-01 5.5059E-01 5.6225E-01 5.6744E-01 5.6528E-01 5.6454E-01 5.6385E-01 5.7092E-01 5.6373E-01 5.6508E-01
   60.11 3.9297E-01 4.2449E-01 4.5132E-01 4.7591E-01 4.9807E-01 5.1778E-01 5.3245E-01 5.4864E-01 5.6579E-01 5.7585E-01 5.7967E-01 5.7755E-01 5.7671E-01 5.7592E-01 5.8319E-01 5.7579E-01 5.7698E-01
   62.95 4.2090E-01 4.5054E-01 4.7504E-01 4.9723E-01 5.1708E-01 5.3483E-01 5.4751E-01 5.6224E-01 5.7791E-01 5.8622E-01 5.8882E-01 5.8637E-01 5.8545E-01 5.8458E-01 5.9203E-01 5.8443E-01 5.8585E-01
   65.91 4.4857E-01 4.7568E-01 4.9730E-01 5.1662E-01 5.3378E-01 5.4922E-01 5.5965E-01 5.7259E-01 5.8652E-01 5.9285E-01 5.9406E-01 5.9155E-01 5.9056E-01 5.8963E-01 5.9709E-01 5.8946E-01 5.9087E-01
   69.02 4.7491E-01 4.9910E-01 5.1720E-01 5.3325E-01 5.4746E-01 5.6031E-01 5.6822E-01 5.7928E-01 5.9123E-01 5.9542E-01 5.9543E-01 5.9266E-01 5.9162E-01 5.9064E-01 5.9807E-01 5.9047E-01 5.9207E-01
   72.27 4.9956E-01 5.2014E-01 5.3432E-01 5.4670E-01 5.5753E-01 5.6754E-01 5.7292E-01 5.8172E-01 5.9178E-01 5.9379E-01 5.9229E-01 5.8959E-01 5.8851E-01 5.8750E-01 5.9483E-01 5.8732E-01 5.8881E-01
   75.68 5.2194E-01 5.3794E-01 5.4818E-01 5.5661E-01 5.6371E-01 5.7074E-01 5.7356E-01 5.7997E-01 5.8797E-01 5.8779E-01 5.8487E-01 5.8219E-01 5.8110E-01 5.8007E-01 5.8727E-01 5.7989E-01 5.8133E-01
   79.24 5.4066E-01 5.5214E-01 5.5779E-01 5.6210E-01 5.6562E-01 5.6959E-01 5.6964E-01 5.7377E-01 5.7971E-01 5.7735E-01 5.7304E-01 5.7040E-01 5.6931E-01 5.6827E-01 5.7541E-01 5.6809E-01 5.6949E-01
   82.98 5.5556E-01 5.6214E-01 5.6319E-01 5.6332E-01 5.6310E-01 5.6402E-01 5.6151E-01 5.6326E-01 5.6724E-01 5.6288E-01 5.5725E-01 5.5468E-01 5.5359E-01 5.5257E-01 5.5950E-01 5.5238E-01 5.5373E-01
   86.89 5.6659E-01 5.6817E-01 5.6453E-01 5.6051E-01 5.5664E-01 5.5457E-01 5.4958E-01 5.4903E-01 5.5112E-01 5.4482E-01 5.3800E-01 5.3562E-01 5.3456E-01 5.3355E-01 5.4021E-01 5.3337E-01 5.3455E-01
   90.99 5.7322E-01 5.6975E-01 5.6158E-01 5.5356E-01 5.4633E-01 5.4145E-01 5.3404E-01 5.3150E-01 5.3164E-01 5.2362E-01 5.1599E-01 5.1356E-01 5.1253E-01 5.1155E-01 5.1792E-01 5.1138E-01 5.1265E-01
   95.27 5.7543E-01 5.6694E-01 5.5447E-01 5.4268E-01 5.3224E-01 5.2475E-01 5.1525E-01 5.1074E-01 5.0921E-01 4.9970E-01 4.9120E-01 4.8897E-01 4.8798E-01 4.8704E-01 4.9307E-01 4.8687E-01 4.8798E-01
   99.76 5.7306E-01 5.5998E-01 5.4332E-01 5.2807E-01 5.1489E-01 5.0506E-01 4.9356E-01 4.8748E-01 4.8442E-01 4.7362E-01 4.6458E-01 4.6236E-01 4.6141E-01 4.6052E-01 4.6627E-01 4.6036E-01 4.6152E-01
  104.46 5.6649E-01 5.4895E-01 5.2871E-01 5.1039E-01 4.9454E-01 4.8267E-01 4.6977E-01 4.6205E-01 4.5776E-01 4.4600E-01 4.3640E-01 4.3447E-01 4.3358E-01 4.3274E-01 4.3805E-01 4.3259E-01 4.3352E-01
  109.39 5.5643E-01 5.3466E-01 5.1127E-01 4.9025E-01 4.7213E-01 4.5851E-01 4.4439E-01 4.3534E-01 4.3013E-01 4.1755E-01 4.0750E-01 4.0575E-01 4.0492E-01 4.0413E-01 4.0925E-01 4.0399E-01 4.0480E-01
  114.54 5.4346E-01 5.1816E-01 4.9196E-01 4.6869E-01 4.4880E-01 4.3377E-01 4.1864E-01 4.0858E-01 4.0247E-01 3.8929E-01 3.7914E-01 3.7756E-01 3.7678E-01 3.7605E-01 3.8076E-01 3.7592E-01 3.7662E-01
  119.94 5.2923E-01 5.0052E-01 4.7199E-01 4.4677E-01 4.2533E-01 4.0913E-01 3.9322E-01 3.8233E-01 3.7546E-01 3.6198E-01 3.5172E-01 3.5024E-01 3.4952E-01 3.4884E-01 3.5320E-01 3.4872E-01 3.4939E-01
  125.59 5.1428E-01 4.8271E-01 4.5209E-01 4.2523E-01 4.0259E-01 3.8543E-01 3.6888E-01 3.5737E-01 3.5000E-01 3.3622E-01 3.2596E-01 3.2454E-01 3.2387E-01 3.2324E-01 3.2742E-01 3.2313E-01 3.2379E-01
  131.51 4.9971E-01 4.6589E-01 4.3305E-01 4.0481E-01 3.8144E-01 3.6346E-01 3.4620E-01 3.3436E-01 3.2638E-01 3.1230E-01 3.0239E-01 3.0094E-01 3.0032E-01 2.9974E-01 3.0363E-01 2.9963E-01 3.0038E-01
  137.71 4.8098E-01 4.4613E-01 4.1123E-01 3.8214E-01 3.5882E-01 3.4036E-01 3.2238E-01 3.1073E-01 3.0172E-01 2.8754E-01 2.7868E-01 2.7698E-01 2.7641E-01 2.7587E-01 2.7921E-01 2.7578E-01 2.7684E-01
  144.20 4.4958E-01 4.1317E-01 3.7951E-01 3.5073E-01 3.2699E-01 3.0894E-01 2.9219E-01 2.8015E-01 2.7163E-01 2.5837E-01 2.4942E-01 2.4839E-01 2.4788E-01 2.4740E-01 2.5016E-01 2.4732E-01 2.4778E-01
  151.00 4.0997E-01 3.7454E-01 3.4215E-01 3.1463E-01 2.9207E-01 2.7497E-01 2.5917E-01 2.4783E-01 2.4002E-01 2.2759E-01 2.1918E-01 2.1822E-01 2.1777E-01 2.1735E-01 2.2009E-01 2.1728E-01 2.1773E-01
  158.11 3.7179E-01 3.3777E-01 3.0689E-01 2.8085E-01 2.5967E-01 2.4362E-01 2.2881E-01 2.1828E-01 2.1100E-01 1.9953E-01 1.9181E-01 1.9088E-01 1.9050E-01 1.9013E-01 1.9268E-01 1.9006E-01 1.9055E-01
  165.57 3.3666E-01 3.0421E-01 2.7499E-01 2.5049E-01 2.3071E-01 2.1572E-01 2.0193E-01 1.9217E-01 1.8522E-01 1.7471E-01 1.6781E-01 1.6695E-01 1.6661E-01 1.6629E-01 1.6844E-01 1.6623E-01 1.6670E-01
  173.37 3.0405E-01 2.7316E-01 2.4583E-01 2.2294E-01 2.0444E-01 1.9053E-01 1.7788E-01 1.6876E-01 1.6232E-01 1.5271E-01 1.4645E-01 1.4578E-01 1.4548E-01 1.4520E-01 1.4703E-01 1.4515E-01 1.4549E-01
  181.54 2.7344E-01 2.4444E-01 2.1889E-01 1.9764E-01 1.8061E-01 1.6778E-01 1.5613E-01 1.4779E-01 1.4188E-01 1.3315E-01 1.2749E-01 1.2686E-01 1.2660E-01 1.2636E-01 1.2801E-01 1.2631E-01 1.2666E-01
  190.09 2.4484E-01 2.1759E-01 1.9414E-01 1.7457E-01 1.5879E-01 1.4705E-01 1.3658E-01 1.2884E-01 1.2350E-01 1.1569E-01 1.1049E-01 1.1006E-01 1.0984E-01 1.0963E-01 1.1101E-01 1.0960E-01 1.0977E-01
  199.05 2.1811E-01 1.9295E-01 1.7137E-01 1.5348E-01 1.3915E-01 1.2848E-01 1.1898E-01 1.1200E-01 1.0712E-01 1.0008E-01 9.5515E-02 9.5120E-02 9.4930E-02 9.4749E-02 9.5943E-02 9.4717E-02 9.4897E-02
  208.43 1.9325E-01 1.7028E-01 1.5058E-01 1.3435E-01 1.2140E-01 1.1177E-01 1.0323E-01 9.6950E-02 9.2573E-02 8.6270E-02 8.2240E-02 8.1897E-02 8.1733E-02 8.1579E-02 8.2628E-02 8.1551E-02 8.1709E-02
  218.26 1.7053E-01 1.4953E-01 1.3175E-01 1.1712E-01 1.0550E-01 9.6864E-02 8.9231E-02 8.3631E-02 7.9661E-02 7.4099E-02 7.0582E-02 7.0278E-02 7.0138E-02 7.0006E-02 7.0867E-02 6.9982E-02 7.0128E-02
  228.54 1.4962E-01 1.3073E-01 1.1470E-01 1.0161E-01 9.1271E-02 8.3585E-02 7.6798E-02 7.1842E-02 6.8305E-02 6.3406E-02 6.0337E-02 6.0066E-02 5.9947E-02 5.9835E-02 6.0572E-02 5.9814E-02 5.9950E-02
  239.32 1.3068E-01 1.1373E-01 9.9423E-02 8.7785E-02 7.8651E-02 7.1852E-02 6.5839E-02 6.1493E-02 5.8349E-02 5.4046E-02 5.1404E-02 5.1152E-02 5.1051E-02 5.0955E-02 5.1587E-02 5.0938E-02 5.1076E-02
  250.59 1.1321E-01 9.8187E-02 8.5526E-02 7.5277E-02 6.7254E-02 6.1294E-02 5.6042E-02 5.2241E-02 4.9481E-02 4.5751E-02 4.3474E-02 4.3263E-02 4.3178E-02 4.3097E-02 4.3620E-02 4.3083E-02 4.3197E-02
  262.40 9.7131E-02 8.3839E-02 7.2862E-02 6.3934E-02 5.6919E-02 5.1759E-02 4.7262E-02 4.3942E-02 4.1620E-02 3.8416E-02 3.6411E-02 3.6263E-02 3.6192E-02 3.6125E-02 3.6588E-02 3.6113E-02 3.6180E-02
  274.77 8.2915E-02 7.1353E-02 6.1809E-02 5.4081E-02 4.8018E-02 4.3570E-02 3.9713E-02 3.6852E-02 3.4857E-02 3.2112E-02 3.0413E-02 3.0294E-02 3.0235E-02 3.0178E-02 3.0562E-02 3.0168E-02 3.0220E-02
  287.72 7.0629E-02 6.0574E-02 5.2316E-02 4.5648E-02 4.0438E-02 3.6619E-02 3.3307E-02 3.0862E-02 2.9147E-02 2.6808E-02 2.5371E-02 2.5267E-02 2.5218E-02 2.5171E-02 2.5492E-02 2.5163E-02 2.5211E-02
  301.28 5.9961E-02 5.1277E-02 4.4152E-02 3.8425E-02 3.3974E-02 3.0708E-02 2.7868E-02 2.5794E-02 2.4325E-02 2.2349E-02 2.1128E-02 2.1031E-02 2.0990E-02 2.0951E-02 2.1224E-02 2.0944E-02 2.0995E-02
  315.48 5.0776E-02 4.3284E-02 3.7187E-02 3.2285E-02 2.8472E-02 2.5688E-02 2.3284E-02 2.1509E-02 2.0268E-02 1.8591E-02 1.7558E-02 1.7486E-02 1.7452E-02 1.7420E-02 1.7645E-02 1.7414E-02 1.7448E-02
  330.35 4.2899E-02 3.6461E-02 3.1254E-02 2.7072E-02 2.3822E-02 2.1456E-02 1.9421E-02 1.7912E-02 1.6858E-02 1.5443E-02 1.4572E-02 1.4518E-02 1.4490E-02 1.4463E-02 1.4646E-02 1.4459E-02 1.4481E-02
  345.92 3.6154E-02 3.0647E-02 2.6213E-02 2.2657E-02 1.9897E-02 1.7892E-02 1.6172E-02 1.4894E-02 1.4000E-02 1.2813E-02 1.2080E-02 1.2036E-02 1.2013E-02 1.1991E-02 1.2139E-02 1.1987E-02 1.2004E-02
  362.22 3.0396E-02 2.5723E-02 2.1938E-02 1.8924E-02 1.6600E-02 1.4906E-02 1.3444E-02 1.2376E-02 1.1614E-02 1.0618E-02 1.0009E-02 9.9643E-03 9.9451E-03 9.9269E-03 1.0051E-02 9.9237E-03 9.9466E-03
  379.29 2.5523E-02 2.1544E-02 1.8342E-02 1.5791E-02 1.3825E-02 1.2396E-02 1.1168E-02 1.0266E-02 9.6280E-03 8.7890E-03 8.2804E-03 8.2460E-03 8.2301E-03 8.2151E-03 8.3176E-03 8.2125E-03 8.2291E-03
  397.16 2.1388E-02 1.8014E-02 1.5309E-02 1.3156E-02 1.1499E-02 1.0296E-02 9.2663E-03 8.5070E-03 7.9736E-03 7.2702E-03 6.8439E-03 6.8168E-03 6.8037E-03 6.7914E-03 6.8769E-03 6.7891E-03 6.8015E-03
  415.88 1.7896E-02 1.5049E-02 1.2759E-02 1.0947E-02 9.5583E-03 8.5482E-03 7.6799E-03 7.0473E-03 6.5972E-03 6.0093E-03 5.6561E-03 5.6305E-03 5.6198E-03 5.6096E-03 5.6812E-03 5.6078E-03 5.6212E-03
  435.48 1.4959E-02 1.2552E-02 1.0627E-02 9.1032E-03 7.9348E-03 7.0880E-03 6.3629E-03 5.8315E-03 5.4570E-03 4.9641E-03 4.6699E-03 4.6502E-03 4.6413E-03 4.6329E-03 4.6925E-03 4.6314E-03 4.6411E-03
  456.01 1.2489E-02 1.0459E-02 8.8425E-03 7.5633E-03 6.5838E-03 5.8748E-03 5.2684E-03 4.8243E-03 4.5104E-03 4.1002E-03 3.8554E-03 3.8389E-03 3.8316E-03 3.8247E-03 3.8734E-03 3.8234E-03 3.8318E-03
  477.50 1.0408E-02 8.7033E-03 7.3480E-03 6.2766E-03 5.4569E-03 4.8643E-03 4.3586E-03 3.9872E-03 3.7267E-03 3.3849E-03 3.1804E-03 3.1673E-03 3.1613E-03 3.1556E-03 3.1964E-03 3.1546E-03 3.1609E-03
  500.00 8.6724E-03 7.2409E-03 6.1039E-03 5.2071E-03 4.5219E-03 4.0270E-03 3.6050E-03 3.2955E-03 3.0774E-03 2.7930E-03 2.6240E-03 2.6131E-03 2.6082E-03 2.6035E-03 2.6366E-03 2.6027E-03 2.6080E-03
  523.56 7.2177E-03 6.0155E-03 5.0659E-03 4.3164E-03 3.7443E-03 3.3316E-03 2.9803E-03 2.7223E-03 2.5412E-03 2.3048E-03 2.1640E-03 2.1554E-03 2.1513E-03 2.1475E-03 2.1749E-03 2.1468E-03 2.1509E-03
  548.24 5.9992E-03 4.9939E-03 4.2016E-03 3.5764E-03 3.0990E-03 2.7553E-03 2.4634E-03 2.2482E-03 2.0978E-03 1.9018E-03 1.7846E-03 1.7778E-03 1.7745E-03 1.7714E-03 1.7938E-03 1.7708E-03 1.7738E-03
  574.08 4.9871E-03 4.1452E-03 3.4843E-03 2.9628E-03 2.5649E-03 2.2787E-03 2.0361E-03 1.8571E-03 1.7320E-03 1.5692E-03 1.4723E-03 1.4667E-03 1.4640E-03 1.4614E-03 1.4798E-03 1.4609E-03 1.4635E-03
  601.13 4.1420E-03 3.4399E-03 2.8878E-03 2.4533E-03 2.1231E-03 1.8851E-03 1.6825E-03 1.5346E-03 1.4301E-03 1.2950E-03 1.2152E-03 1.2101E-03 1.2078E-03 1.2057E-03 1.2210E-03 1.2053E-03 1.2079E-03
  629.46 3.4391E-03 2.8541E-03 2.3932E-03 2.0315E-03 1.7567E-03 1.5589E-03 1.3907E-03 1.2677E-03 1.1812E-03 1.0690E-03 1.0029E-03 9.9873E-04 9.9688E-04 9.9513E-04 1.0079E-03 9.9481E-04 9.9694E-04
  659.13 2.8543E-03 2.3661E-03 1.9826E-03 1.6818E-03 1.4533E-03 1.2889E-03 1.1496E-03 1.0473E-03 9.7589E-04 8.8309E-04 8.2801E-04 8.2466E-04 8.2314E-04 8.2170E-04 8.3234E-04 8.2144E-04 8.2307E-04
  690.19 2.3695E-03 1.9622E-03 1.6434E-03 1.3932E-03 1.2030E-03 1.0665E-03 9.5108E-04 8.6611E-04 8.0670E-04 7.2987E-04 6.8436E-04 6.8177E-04 6.8052E-04 6.7934E-04 6.8784E-04 6.7913E-04 6.8030E-04
  722.72 1.9654E-03 1.6262E-03 1.3612E-03 1.1534E-03 9.9556E-04 8.8232E-04 7.8659E-04 7.1616E-04 6.6697E-04 6.0330E-04 5.6573E-04 5.6351E-04 5.6248E-04 5.6151E-04 5.6860E-04 5.6134E-04 5.6239E-04
  756.78 1.6294E-03 1.3481E-03 1.1273E-03 9.5484E-04 8.2429E-04 7.3035E-04 6.5073E-04 5.9262E-04 5.5180E-04 4.9903E-04 4.6807E-04 4.6610E-04 4.6525E-04 4.6445E-04 4.7042E-04 4.6431E-04 4.6533E-04
  792.45 1.3505E-03 1.1168E-03 9.3370E-04 7.9061E-04 6.8226E-04 6.0443E-04 5.3860E-04 4.9039E-04 4.5675E-04 4.1308E-04 3.8739E-04 3.8584E-04 3.8514E-04 3.8448E-04 3.8945E-04 3.8437E-04 3.8514E-04
  829.79 1.1189E-03 9.2512E-04 7.7310E-04 6.5452E-04 5.6486E-04 5.0042E-04 4.4589E-04 4.0605E-04 3.7817E-04 3.4206E-04 3.2091E-04 3.1959E-04 3.1902E-04 3.1848E-04 3.2257E-04 3.1838E-04 3.1906E-04
  868.90 9.2650E-04 7.6559E-04 6.3985E-04 5.4169E-04 4.6746E-04 4.1418E-04 3.6916E-04 3.3620E-04 3.1318E-04 2.8340E-04 2.6593E-04 2.6486E-04 2.6439E-04 2.6395E-04 2.6730E-04 2.6387E-04 2.6441E-04
  909.85 7.6632E-04 6.3334E-04 5.2927E-04 4.4815E-04 3.8684E-04 3.4283E-04 3.0567E-04 2.7847E-04 2.5951E-04 2.3497E-04 2.2051E-04 2.1964E-04 2.1926E-04 2.1889E-04 2.2168E-04 2.1883E-04 2.1926E-04
  952.73 6.3386E-04 5.2374E-04 4.3788E-04 3.7088E-04 3.2023E-04 2.8392E-04 2.5328E-04 2.3084E-04 2.1523E-04 1.9497E-04 1.8308E-04 1.8237E-04 1.8206E-04 1.8176E-04 1.8406E-04 1.8170E-04 1.8205E-04
  997.63 5.2443E-04 4.3332E-04 3.6243E-04 3.0712E-04 2.6529E-04 2.3533E-04 2.1011E-04 1.9158E-04 1.7873E-04 1.6208E-04 1.5225E-04 1.5169E-04 1.5143E-04 1.5119E-04 1.5307E-04 1.5114E-04 1.5140E-04
 1044.65 4.3387E-04 3.5838E-04 3.0021E-04 2.5458E-04 2.1991E-04 1.9524E-04 1.7460E-04 1.5921E-04 1.4879E-04 1.3500E-04 1.2684E-04 1.2647E-04 1.2626E-04 1.2606E-04 1.2765E-04 1.2602E-04 1.2615E-04
 1093.88 3.5851E-04 2.9656E-04 2.4841E-04 2.1086E-04 1.8244E-04 1.6213E-04 1.4506E-04 1.3248E-04 1.2408E-04 1.1263E-04 1.0586E-04 1.0551E-04 1.0533E-04 1.0517E-04 1.0668E-04 1.0514E-04 1.0530E-04
 1145.43 2.9707E-04 2.4581E-04 2.0627E-04 1.7530E-04 1.5178E-04 1.3504E-04 1.2106E-04 1.1063E-04 1.0363E-04 9.4201E-05 8.8731E-05 8.8474E-05 8.8330E-05 8.8194E-05 8.9320E-05 8.8170E-05 8.8266E-05
 1199.42 2.4573E-04 2.0385E-04 1.7106E-04 1.4560E-04 1.2640E-04 1.1263E-04 1.0103E-04 9.2546E-05 8.6770E-05 7.9070E-05 7.4537E-05 7.4267E-05 7.4149E-05 7.4037E-05 7.5015E-05 7.4017E-05 7.4155E-05
 1255.94 2.0369E-04 1.6936E-04 1.4225E-04 1.2131E-04 1.0557E-04 9.4226E-05 8.4638E-05 7.7705E-05 7.2967E-05 6.6614E-05 6.2898E-05 6.2638E-05 6.2541E-05 6.2449E-05 6.3299E-05 6.2433E-05 6.2584E-05
 1315.13 1.6914E-04 1.4068E-04 1.1854E-04 1.0131E-04 8.8270E-05 7.8951E-05 7.1143E-05 6.5381E-05 6.1520E-05 5.6304E-05 5.3221E-05 5.3058E-05 5.2978E-05 5.2903E-05 5.3582E-05 5.2889E-05 5.2963E-05
 1377.11 1.4062E-04 1.1713E-04 9.9008E-05 8.4830E-05 7.4057E-05 6.6398E-05 6.0018E-05 5.5251E-05 5.2104E-05 4.7826E-05 4.5264E-05 4.5148E-05 4.5083E-05 4.5021E-05 4.5584E-05 4.5010E-05 4.5052E-05
 1442.02 1.1702E-04 9.7757E-05 8.2835E-05 7.1187E-05 6.2351E-05 5.6056E-05 5.0802E-05 4.6897E-05 4.4352E-05 4.0810E-05 3.8692E-05 3.8591E-05 3.8537E-05 3.8486E-05 3.8991E-05 3.8477E-05 3.8518E-05
 1509.98 9.7668E-05 8.1927E-05 6.9568E-05 5.9992E-05 5.2781E-05 4.7598E-05 4.3232E-05 4.0062E-05 3.7953E-05 3.5021E-05 3.3312E-05 3.3197E-05 3.3152E-05 3.3110E-05 3.3545E-05 3.3103E-05 3.3168E-05
 1581.14 8.1614E-05 6.8724E-05 5.8558E-05 5.0697E-05 4.4787E-05 4.0529E-05 3.6936E-05 3.4342E-05 3.2643E-05 3.0224E-05 2.8801E-05 2.8698E-05 2.8661E-05 2.8627E-05 2.9021E-05 2.8621E-05 2.8683E-05
 1655.66 6.8445E-05 5.7892E-05 4.9516E-05 4.3059E-05 3.8216E-05 3.4716E-05 3.1751E-05 2.9631E-05 2.8232E-05 2.6238E-05 2.5076E-05 2.4983E-05 2.4953E-05 2.4924E-05 2.5257E-05 2.4919E-05 2.4809E-05
 1733.68 5.7609E-05 4.8911E-05 4.2065E-05 3.6759E-05 3.2756E-05 2.9880E-05 2.7463E-05 2.5706E-05 2.4580E-05 2.2935E-05 2.1966E-05 2.1900E-05 2.1875E-05 2.1852E-05 2.2134E-05 2.1847E-05 2.1458E-05
 1815.39 4.8628E-05 4.1515E-05 3.5880E-05 3.1525E-05 2.8244E-05 2.5880E-05 2.3889E-05 2.2451E-05 2.1549E-05 2.0188E-05 1.9379E-05 1.9320E-05 1.9299E-05 1.9279E-05 1.9538E-05 1.9276E-05 1.8560E-05
 1900.95 4.1239E-05 3.5366E-05 3.0777E-05 2.7199E-05 2.4479E-05 2.2539E-05 2.0923E-05 1.9726E-05 1.9011E-05 1.7893E-05 1.7206E-05 1.7168E-05 1.7150E-05 1.7134E-05 1.7358E-05 1.7108E-05 1.6054E-05
 1990.54 3.5111E-05 3.0318E-05 2.6537E-05 2.3600E-05 2.1373E-05 1.9779E-05 1.8444E-05 1.7467E-05 1.6891E-05 1.5962E-05 1.5395E-05 1.5359E-05 1.5345E-05 1.5331E-05 1.5532E-05 1.5185E-05 1.3886E-05
 2084.35 3.0049E-05 2.6126E-05 2.3018E-05 2.0607E-05 1.8779E-05 1.7469E-05 1.6371E-05 1.5571E-05 1.5114E-05 1.4341E-05 1.3869E-05 1.3836E-05 1.3825E-05 1.3813E-05 1.3996E-05 1.3477E-05 1.2010E-05
 2182.58 2.5864E-05 2.2657E-05 2.0097E-05 1.8117E-05 1.6619E-05 1.5542E-05 1.4635E-05 1.3982E-05 1.3615E-05 1.2974E-05 1.2583E-05 1.2552E-05 1.2542E-05 1.2533E-05 1.2638E-05 1.1962E-05 1.0388E-05
 2285.44 2.2379E-05 1.9762E-05 1.7655E-05 1.6030E-05 1.4802E-05 1.3917E-05 1.3170E-05 1.2636E-05 1.2347E-05 1.1815E-05 1.1487E-05 1.1459E-05 1.1450E-05 1.1443E-05 1.1412E-05 1.0617E-05 8.9854E-06
 2393.15 1.9493E-05 1.7349E-05 1.5618E-05 1.4283E-05 1.3274E-05 1.2547E-05 1.1933E-05 1.1496E-05 1.1272E-05 1.0828E-05 1.0552E-05 1.0527E-05 1.0520E-05 1.0501E-05 1.0305E-05 9.4230E-06 7.7719E-06
 2505.94 1.7084E-05 1.5330E-05 1.3909E-05 1.2813E-05 1.1986E-05 1.1389E-05 1.0882E-05 1.0526E-05 1.0355E-05 9.9844E-06 9.7509E-06 9.7279E-06 9.7221E-06 9.6372E-06 9.3049E-06 8.3635E-06 6.7223E-06
 2624.04 1.5077E-05 1.3641E-05 1.2473E-05 1.1574E-05 1.0894E-05 1.0404E-05 9.9869E-06 9.6958E-06 9.5696E-06 9.2582E-06 9.0593E-06 9.0390E-06 9.0248E-06 8.8444E-06 8.4022E-06 7.4230E-06 5.8144E-06
 2747.70 1.3400E-05 1.2225E-05 1.1263E-05 1.0524E-05 9.9663E-06 9.5641E-06 9.2202E-06 8.9832E-06 8.8913E-06 8.6290E-06 8.4605E-06 8.4418E-06 8.3775E-06 8.1167E-06 7.5870E-06 6.5884E-06 5.0292E-06
 2877.20 1.1991E-05 1.1031E-05 1.0238E-05 9.6309E-06 9.1738E-06 8.8437E-06 8.5595E-06 8.3672E-06 8.3032E-06 8.0821E-06 7.9380E-06 7.9143E-06 7.7767E-06 7.4489E-06 6.8509E-06 5.8475E-06 4.3500E-06
 3012.80 1.0802E-05 1.0019E-05 9.3641E-06 8.8656E-06 8.4925E-06 8.2219E-06 7.9860E-06 7.8312E-06 7.7893E-06 7.6030E-06 7.4790E-06 7.4199E-06 7.2189E-06 6.8361E-06 6.1862E-06 5.1900E-06 3.7625E-06
 3154.79 9.7967E-06 9.1566E-06 8.6170E-06 8.2078E-06 7.9020E-06 7.6806E-06 7.4861E-06 7.3608E-06 7.3379E-06 7.1795E-06 7.0722E-06 6.9563E-06 6.7012E-06 6.2737E-06 5.5860E-06 4.6064E-06 3.2544E-06
 3303.47 8.9434E-06 8.4202E-06 7.9754E-06 7.6395E-06 7.3894E-06 7.2084E-06 7.0476E-06 6.9469E-06 6.9387E-06 6.8037E-06 6.6889E-06 6.5216E-06 6.2205E-06 5.7575E-06 5.0441E-06 4.0885E-06 2.8149E-06
 3459.15 8.2156E-06 7.7883E-06 7.4211E-06 7.1455E-06 6.9414E-06 6.7937E-06 6.6605E-06 6.5802E-06 6.5836E-06 6.4595E-06 6.3263E-06 6.1142E-06 5.7744E-06 5.2839E-06 4.5547E-06 3.6288E-06 2.4347E-06
 3622.18 7.5907E-06 7.2440E-06 6.9390E-06 6.7131E-06 6.5480E-06 6.4276E-06 6.3164E-06 6.2536E-06 6.2659E-06 6.1327E-06 5.9833E-06 5.7321E-06 5.3602E-06 4.8491E-06 4.1128E-06 3.2207E-06 2.1059E-06
 3792.89 7.0534E-06 6.7711E-06 6.5187E-06 6.3336E-06 6.1993E-06 6.1015E-06 6.0093E-06 5.9600E-06 5.9690E-06 5.8225E-06 5.6590E-06 5.3740E-06 4.9758E-06 4.4502E-06 3.7138E-06 2.8586E-06 1.8215E-06
 3971.64 6.5875E-06 6.3581E-06 6.1491E-06 5.9975E-06 5.8888E-06 5.8096E-06 5.7329E-06 5.6948E-06 5.6861E-06 5.5279E-06 5.3522E-06 5.0382E-06 4.6189E-06 4.0841E-06 3.3535E-06 2.5371E-06 1.5755E-06
 4158.82 6.1813E-06 5.9955E-06 5.8217E-06 5.6978E-06 5.6106E-06 5.5467E-06 5.4826E-06 5.4422E-06 5.4166E-06 5.2483E-06 5.0621E-06 4.7234E-06 4.2876E-06 3.7481E-06 3.0281E-06 2.2519E-06 1.3627E-06
 4354.82 5.8250E-06 5.6746E-06 5.5306E-06 5.4295E-06 5.3595E-06 5.3082E-06 5.2528E-06 5.2008E-06 5.1599E-06 4.9828E-06 4.7877E-06 4.4283E-06 3.9801E-06 3.4397E-06 2.7343E-06 1.9987E-06 1.1787E-06
 4560.05 5.5107E-06 5.3895E-06 5.2699E-06 5.1875E-06 5.1319E-06 5.0910E-06 5.0326E-06 4.9701E-06 4.9154E-06 4.7307E-06 4.5281E-06 4.1516E-06 3.6946E-06 3.1567E-06 2.4691E-06 1.7739E-06 1.0195E-06
 4774.96 5.2317E-06 5.1345E-06 5.0349E-06 4.9680E-06 4.9242E-06 4.8919E-06 4.8217E-06 4.7496E-06 4.6825E-06 4.4914E-06 4.2827E-06 3.8922E-06 3.4296E-06 2.8970E-06 2.2295E-06 1.5744E-06 8.8182E-07
 5000.00 4.9823E-06 4.9050E-06 4.8220E-06 4.7679E-06 4.7338E-06 4.7010E-06 4.6196E-06 4.5389E-06 4.4606E-06 4.2642E-06 4.0505E-06 3.6491E-06 3.1837E-06 2.6587E-06 2.0132E-06 1.3974E-06 7.6273E-07
